0.0,0.0
0.001001001001001001,0.015946444474903898
0.002002002002002002,0.02262787896025409
0.003003003003003003,0.027785858174815048
0.004004004004004004,0.03215559087053321
0.005005005005005005,0.036021815597642615
0.006006006006006006,0.03953054490484331
0.007007007007007007,0.04276850608416238
0.008008008008008008,0.04579219979531535
0.009009009009009009,0.04864086674655288
0.01001001001001001,0.05134307441060515
0.011011011011011011,0.05392038634296714
0.012012012012012012,0.05638955329555517
0.013013013013013013,0.058763894696664765
0.014014014014014014,0.0610542086293957
0.015015015015015015,0.06326939323462266
0.016016016016016016,0.06541688407807544
0.017017017017017015,0.06750297001164862
0.018018018018018018,0.06953302640169157
0.01901901901901902,0.07151169070254759
0.02002002002002002,0.07344299689261946
0.02102102102102102,0.07533047997331144
0.022022022022022022,0.07717725829640754
0.023023023023023025,0.07898609921156563
0.024024024024024024,0.08075947198702438
0.025025025025025023,0.0824995908949594
0.026026026026026026,0.08420845060724669
0.02702702702702703,0.08588785551517653
0.028028028028028028,0.08753944420117954
0.029029029029029027,0.08916471000765236
0.03003003003003003,0.09076501843766782
0.031031031031031032,0.09234162196426077
0.03203203203203203,0.0938956727048883
0.03303303303303303,0.09542823332552741
0.03403403403403403,0.0969402864675486
0.035035035035035036,0.09843274293481408
0.036036036036036036,0.09990644883462241
0.037037037037037035,0.10136219183136708
0.03803803803803804,0.10280070664403429
0.03903903903903904,0.10422267989635936
0.04004004004004004,0.10562875441042652
0.04104104104104104,0.10701953301982414
0.04204204204204204,0.10839558196646526
0.043043043043043044,0.10975743393531057
0.044044044044044044,0.11110559077307658
0.04504504504504504,0.11244052593023623
0.04604604604604605,0.11376268665996803
0.04704704704704705,0.11507249600297864
0.04804804804804805,0.11637035458314127
0.04904904904904905,0.11765664223552763
0.050050050050050046,0.11893171948556758
0.05105105105105105,0.12019592889563668
0.05205205205205205,0.1214495962933132
0.05305305305305305,0.12269303189376646
0.05405405405405406,0.1239265313272171
0.055055055055055056,0.12515037658110317
0.056056056056056056,0.12636483686544486
0.057057057057057055,0.12757016940892385
0.058058058058058054,0.12876662019233842
0.05905905905905906,0.12995442462534945
0.06006006006006006,0.13113380817178522
0.06106106106106106,0.1323049869282058
0.062062062062062065,0.13346816815992357
0.06306306306306306,0.1346235507982444
0.06406406406406406,0.1357713259023009
0.06506506506506507,0.13691167708851304
0.06606606606606606,0.13804478093040506
0.06706706706706707,0.13917080733124176
0.06806806806806806,0.14028991987170902
0.06906906906906907,0.14140227613464995
0.07007007007007007,0.1425080280086808
0.07107107107107107,0.14360732197234127
0.07207207207207207,0.1447002993602826
0.07307307307307308,0.14578709661286104
0.07407407407407407,0.14686784551038556
0.07507507507507508,0.1479426733931546
0.07607607607607608,0.14901170336832292
0.07707707707707707,0.1500750545045494
0.07807807807807808,0.15113284201529487
0.07907907907907907,0.15218517743156934
0.08008008008008008,0.15323216876486112
0.08108108108108109,0.15427392066092094
0.08208208208208208,0.15531053454502142
0.08308308308308308,0.1563421087592607
0.08408408408408408,0.15736873869243773
0.08508508508508508,0.15839051690298345
0.08608608608608609,0.15940753323539725
0.08708708708708708,0.16041987493060195
0.08808808808808809,0.16142762673060196
0.0890890890890891,0.16243087097779874
0.09009009009009009,0.1634296877092949
0.09109109109109109,0.16442415474649008
0.0920920920920921,0.16541434778025554
0.09309309309309309,0.16640034045194763
0.0940940940940941,0.16738220443050988
0.09509509509509509,0.1683600094858887
0.0960960960960961,0.16933382355897708
0.0970970970970971,0.1703037128282855
0.0980980980980981,0.17126974177352372
0.0990990990990991,0.1722319732362686
0.10010010010010009,0.17319046847787634
0.1011011011011011,0.1741452872347946
0.1021021021021021,0.1750964877714124
0.1031031031031031,0.17604412693058158
0.1041041041041041,0.17698826018193436
0.10510510510510511,0.17792894166811324
0.1061061061061061,0.1788662242490212
0.10710710710710711,0.17980015954419726
0.10810810810810811,0.18073079797341007
0.1091091091091091,0.18165818879556417
0.11011011011011011,0.1825823801460007
0.1111111111111111,0.18350341907227397
0.11211211211211211,0.18442135156848005
0.11311311311311312,0.1853362226082067
0.11411411411411411,0.18624807617617345
0.11511511511511512,0.1871569552986232
0.11611611611611611,0.18806290207252618
0.11711711711711711,0.1889659576936531
0.11811811811811812,0.18986616248356714
0.11911911911911911,0.19076355591559113
0.12012012012012012,0.1916581766397899
0.12112112112112113,0.19255006250702011
0.12212212212212212,0.19343925059208433
0.12312312312312312,0.19432577721603228
0.12412412412412413,0.19520967796764743
0.12512512512512514,0.19609098772415423
0.12612612612612611,0.19696974067118034
0.12712712712712712,0.1978459703220068
0.12812812812812813,0.19871970953613638
0.12912912912912913,0.19959099053720986
0.13013013013013014,0.20045984493029811
0.13113113113113112,0.2013263037185954
0.13213213213213212,0.20219039731954036
0.13313313313313313,0.20305215558038703
0.13413413413413414,0.20391160779325068
0.13513513513513514,0.20476878270964727
0.13613613613613612,0.20562370855454992
0.13713713713713713,0.20647641303997966
0.13813813813813813,0.20732692337815062
0.13913913913913914,0.2081752662941866
0.14014014014014015,0.20902146803842647
0.14114114114114115,0.20986555439833443
0.14214214214214213,0.21070755071002945
0.14314314314314314,0.2115474818694515
0.14414414414414414,0.21238537234317412
0.14514514514514515,0.21322124617888194
0.14614614614614616,0.21405512701552076
0.14714714714714713,0.21488703809313758
0.14814814814814814,0.21571700226241708
0.14914914914914915,0.21654504199393
0.15015015015015015,0.21737117938710193
0.15115115115115116,0.21819543617891324
0.15215215215215216,0.21901783375233952
0.15315315315315314,0.2198383931445429
0.15415415415415415,0.22065713505482254
0.15515515515515516,0.22147407985233247
0.15615615615615616,0.22228924758357582
0.15715715715715717,0.22310265797968343
0.15815815815815815,0.22391433046348308
0.15915915915915915,0.22472428415636836
0.16016016016016016,0.22553253788497318
0.16116116116116116,0.22633911018765773
0.16216216216216217,0.22714401932081452
0.16316316316316315,0.22794728326499958
0.16416416416416416,0.22874891973089206
0.16516516516516516,0.22954894616509425
0.16616616616616617,0.23034737975577024
0.16716716716716717,0.2311442374381334
0.16816816816816815,0.2319395358997859
0.16916916916916916,0.2327332915859155
0.17017017017017017,0.23352552070435362
0.17117117117117117,0.23431623923050005
0.17217217217217218,0.23510546291211765
0.17317317317317318,0.23589320727400265
0.17417417417417416,0.23667948762253266
0.17517517517517517,0.2374643190500978
0.17617617617617617,0.23824771643941745
0.17717717717717718,0.23902969446774736
0.1781781781781782,0.23981026761097968
0.17917917917917917,0.240589450147639
0.18018018018018017,0.24136725616277854
0.18118118118118118,0.24214369955177983
0.18218218218218218,0.24291879402405536
0.1831831831831832,0.2436925531066635
0.1841841841841842,0.24446499014783174
0.18518518518518517,0.24523611832039494
0.18618618618618618,0.24600595062515052
0.1871871871871872,0.24677449989413136
0.1881881881881882,0.24754177879380146
0.1891891891891892,0.2483077998281744
0.19019019019019018,0.24907257534185745
0.19119119119119118,0.2498361175230247
0.1921921921921922,0.25059843840631935
0.1931931931931932,0.2513595498756881
0.1941941941941942,0.25211946366715043
0.19519519519519518,0.25287819137150325
0.1961961961961962,0.25363574443696246
0.1971971971971972,0.25439213417174567
0.1981981981981982,0.2551473717465945
0.1991991991991992,0.2559014681972407
0.20020020020020018,0.2566544344268157
0.2012012012012012,0.25740628120820785
0.2022022022022022,0.258157019186364
0.2032032032032032,0.2589066588805433
0.2042042042042042,0.2596552106865184
0.20520520520520522,0.26040268487873075
0.2062062062062062,0.26114909161239563
0.2072072072072072,0.2618944409255648
0.2082082082082082,0.2626387427411415
0.2092092092092092,0.2633820068688538
0.21021021021021022,0.26412424300718484
0.2112112112112112,0.26486546074526207
0.2122122122122122,0.265605669564706
0.2132132132132132,0.26634487884144076
0.21421421421421422,0.2670830978474651
0.21521521521521522,0.2678203357525877
0.21621621621621623,0.26855660162612516
0.2172172172172172,0.269291904438566
0.2182182182182182,0.27002625306319894
0.21921921921921922,0.27075965627770837
0.22022022022022023,0.27149212276573764
0.22122122122122123,0.27222366111841967
0.2222222222222222,0.27295427983587695
0.22322322322322322,0.27368398732869115
0.22422422422422422,0.27441279191934365
0.22522522522522523,0.2751407018436265
0.22622622622622623,0.27586772525202574
0.2272272272272272,0.2765938702110782
0.22822822822822822,0.2773191447046991
0.22922922922922923,0.27804355663548674
0.23023023023023023,0.27876711382599917
0.23123123123123124,0.2794898240200073
0.23223223223223222,0.28021169488372355
0.23323323323323322,0.28093273400700647
0.23423423423423423,0.28165294890454307
0.23523523523523523,0.282372347017007
0.23623623623623624,0.2830909357121968
0.23723723723723725,0.28380872228615095
0.23823823823823823,0.2845257139642424
0.23923923923923923,0.28524191790225295
0.24024024024024024,0.2859573411874272
0.24124124124124124,0.2866719908395069
0.24224224224224225,0.28738587381174596
0.24324324324324323,0.28809899699190755
0.24424424424424424,0.28881136720324163
0.24524524524524524,0.28952299120544633
0.24624624624624625,0.29023387569560966
0.24724724724724725,0.29094402730913627
0.24824824824824826,0.29165345262065623
0.24924924924924924,0.2923621581449176
0.2502502502502503,0.2930701503376639
0.25125125125125125,0.2937774355964945
0.25225225225225223,0.2944840202617113
0.25325325325325326,0.2951899106171495
0.25425425425425424,0.2958951128909938
0.2552552552552553,0.2965996332565809
0.25625625625625625,0.29730347783318734
0.25725725725725723,0.29800665268680404
0.25825825825825827,0.29870916383089785
0.25925925925925924,0.2994110172271588
0.2602602602602603,0.3001122187862356
0.26126126126126126,0.30081277436845844
0.26226226226226224,0.3015126897845495
0.26326326326326327,0.30221197079632056
0.26426426426426425,0.3029106231173604
0.2652652652652653,0.30360865241370927
0.26626626626626626,0.3043060643045231
0.26726726726726724,0.30500286436272595
0.2682682682682683,0.30569905811565246
0.26926926926926925,0.3063946510456781
0.2702702702702703,0.3070896485908414
0.27127127127127126,0.3077840561454541
0.27227227227227224,0.308477879060702
0.2732732732732733,0.3091711226452364
0.27427427427427425,0.30986379216575544
0.2752752752752753,0.31055589284757623
0.27627627627627627,0.31124742987519827
0.2772772772772773,0.311938408392857
0.2782782782782783,0.31262883350506987
0.27927927927927926,0.31331871027717173
0.2802802802802803,0.3140080437358447
0.28128128128128127,0.3146968388696362
0.2822822822822823,0.31538510062947234
0.2832832832832833,0.31607283392916075
0.28428428428428426,0.31676004364588695
0.2852852852852853,0.31744673462070305
0.2862862862862863,0.3181329116590077
0.2872872872872873,0.31881857953102055
0.2882882882882883,0.3195037429722478
0.28928928928928926,0.3201884066839421
0.2902902902902903,0.3208725753335543
0.2912912912912913,0.32155625355517914
0.2922922922922923,0.322239445949994
0.2932932932932933,0.32292215708669114
0.29429429429429427,0.32360439150190357
0.2952952952952953,0.32428615370062497
0.2962962962962963,0.32496744815662215
0.2972972972972973,0.325648279312843
0.2982982982982983,0.3263286515818181
0.29929929929929927,0.32700856934605527
0.3003003003003003,0.3276880369584303
0.3013013013013013,0.32836705874257055
0.3023023023023023,0.329045638993234
0.3033033033033033,0.3297237819766822
0.30430430430430433,0.33040149193104795
0.3053053053053053,0.33107877306669864
0.3063063063063063,0.33175562956659344
0.3073073073073073,0.33243206558663607
0.3083083083083083,0.333108085256022
0.30930930930930933,0.3337836926775818
0.3103103103103103,0.3344588919281186
0.3113113113113113,0.33513368705874225
0.3123123123123123,0.3358080820951971
0.3133133133133133,0.3364820810381871
0.31431431431431434,0.33715568786369543
0.3153153153153153,0.3378289065232998
0.3163163163163163,0.3385017409444837
0.3173173173173173,0.33917419503094404
0.3183183183183183,0.33984627266289347
0.31931931931931934,0.3405179776973598
0.3203203203203203,0.3411893139684804
0.3213213213213213,0.3418602852877939
0.32232232232232233,0.342530895444527
0.3233233233233233,0.343201148205878
0.32432432432432434,0.3438710473172971
0.3253253253253253,0.3445405965027616
0.3263263263263263,0.34520979946504937
0.32732732732732733,0.34587865988600774
0.3283283283283283,0.34654718142681873
0.32932932932932935,0.347215367728262
0.3303303303303303,0.34788322241097325
0.3313313313313313,0.34855074907570016
0.33233233233233234,0.34921795130355493
0.3333333333333333,0.3498848326562637
0.33433433433433435,0.35055139667641233
0.3353353353353353,0.35121764688768986
0.3363363363363363,0.3518835867951293
0.33733733733733734,0.35254921988534393
0.3383383383383383,0.353214549626762
0.33933933933933935,0.3538795794698588
0.34034034034034033,0.35454431284738475
0.34134134134134136,0.35520875317459144
0.34234234234234234,0.3558729038494556
0.3433433433433433,0.3565367682528988
0.34434434434434436,0.3572003497490065
0.34534534534534533,0.3578636516852426
0.34634634634634637,0.358526677392663
0.34734734734734735,0.3591894301861258
0.3483483483483483,0.35985191336449973
0.34934934934934936,0.36051413021086953
0.35035035035035034,0.3611760839927389
0.35135135135135137,0.3618377779622325
0.35235235235235235,0.3624992153562937
0.3533533533533533,0.3631603993968815
0.35435435435435436,0.36382133329116495
0.35535535535535534,0.36448202023171494
0.3563563563563564,0.36514246339669443
0.35735735735735735,0.3658026659500463
0.35835835835835833,0.3664626310416791
0.35935935935935936,0.36712236180765134
0.36036036036036034,0.36778186137035285
0.3613613613613614,0.3684411328386846
0.36236236236236236,0.36910017930823746
0.36336336336336333,0.3697590038614673
0.36436436436436437,0.37041760956786995
0.36536536536536535,0.3710759994841534
0.3663663663663664,0.3717341766544082
0.36736736736736736,0.37239214411027644
0.3683683683683684,0.3730499048711192
0.36936936936936937,0.3737074619441815
0.37037037037037035,0.3743648183247561
0.3713713713713714,0.3750219769963459
0.37237237237237236,0.3756789409308239
0.3733733733733734,0.3763357130885926
0.3743743743743744,0.37699229641874077
0.37537537537537535,0.37764869385919964
0.3763763763763764,0.3783049083368968
0.37737737737737737,0.37896094276790915
0.3783783783783784,0.379616800057614
0.3793793793793794,0.38027248310083905
0.38038038038038036,0.38092799478201067
0.3813813813813814,0.3815833379753012
0.38238238238238237,0.38223851554477395
0.3833833833833834,0.3828935303445282
0.3843843843843844,0.38354838521884205
0.38538538538538536,0.38420308300231343
0.3863863863863864,0.38485762652000166
0.38738738738738737,0.3855120185875651
0.3883883883883884,0.3861662620114007
0.3893893893893894,0.38682035958877903
0.39039039039039036,0.38747431410798105
0.3913913913913914,0.3881281283484319
0.3923923923923924,0.3887818050808336
0.3933933933933934,0.3894353470672983
0.3943943943943944,0.3900887570614776
0.39539539539539537,0.39074203780869365
0.3963963963963964,0.3913951920460673
0.3973973973973974,0.3920482225026456
0.3983983983983984,0.39270113189952893
0.3993993993993994,0.39335392294999616
0.40040040040040037,0.3940065983596296
0.4014014014014014,0.39465916082643804
0.4024024024024024,0.3953116130409803
0.4034034034034034,0.39596395768648607
0.4044044044044044,0.3966161974389769
0.40540540540540543,0.39726833496738645
0.4064064064064064,0.39792037293367877
0.4074074074074074,0.3985723139929668
0.4084084084084084,0.3992241607936293
0.4094094094094094,0.39987591597742767
0.41041041041041043,0.4005275821796205
0.4114114114114114,0.401179162029079
0.4124124124124124,0.401830658148401
0.4134134134134134,0.40248207315402307
0.4144144144144144,0.4031334096563337
0.41541541541541543,0.40378467025978426
0.4164164164164164,0.4044358575630004
0.4174174174174174,0.4050869741588915
0.4184184184184184,0.4057380226347599
0.4194194194194194,0.4063890055724102
0.42042042042042044,0.40703992554825685
0.4214214214214214,0.4076907851334307
0.4224224224224224,0.4083415868938868
0.42342342342342343,0.40899233339050967
0.4244244244244244,0.4096430271792182
0.42542542542542544,0.41029367081107115
0.4264264264264264,0.41094426683237073
0.4274274274274274,0.41159481778476603
0.42842842842842843,0.4122453262053558
0.4294294294294294,0.41289579462679116
0.43043043043043044,0.4135462255773771
0.4314314314314314,0.4141966215811731
0.43243243243243246,0.4148469851580949
0.43343343343343343,0.4154973188240134
0.4344344344344344,0.41614762509085546
0.43543543543543545,0.4167979064667017
0.4364364364364364,0.4174481654558859
0.43743743743743746,0.4180984045590934
0.43843843843843844,0.41874862627345777
0.4394394394394394,0.4193988330926588
0.44044044044044045,0.4200490275070188
0.44144144144144143,0.4206992120035994
0.44244244244244246,0.4213493890662968
0.44344344344344344,0.4219995611759376
0.4444444444444444,0.42264973081037416
0.44544544544544545,0.42329990044457866
0.44644644644644643,0.4239500725507376
0.44744744744744747,0.42460024959834597
0.44844844844844844,0.42525043405430063
0.4494494494494494,0.4259006283829936
0.45045045045045046,0.4265508350464048
0.45145145145145144,0.4272010565041945
0.45245245245245247,0.42785129521379606
0.45345345345345345,0.42850155363050735
0.4544544544544544,0.4291518342075824
0.45545545545545546,0.42980213939632284
0.45645645645645644,0.4304524716461692
0.4574574574574575,0.43110283340479116
0.45845845845845845,0.43175322711817843
0.45945945945945943,0.4324036552307309
0.46046046046046046,0.4330541201853486
0.46146146146146144,0.43370462442352176
0.4624624624624625,0.43435517038541993
0.46346346346346345,0.4350057605099815
0.46446446446446443,0.4356563972350035
0.46546546546546547,0.4363070829972293
0.46646646646646645,0.43695782023243845
0.4674674674674675,0.43760861137553486
0.46846846846846846,0.4382594588606349
0.4694694694694695,0.43891036512115655
0.47047047047047047,0.4395613325899066
0.47147147147147145,0.4402123636991693
0.4724724724724725,0.44086346088079365
0.47347347347347346,0.4415146265662815
0.4744744744744745,0.44216586318687523
0.4754754754754755,0.4428171731736448
0.47647647647647645,0.44346855895757575
0.4774774774774775,0.44412002296965614
0.47847847847847846,0.44477156764096404
0.4794794794794795,0.4454231954027543
0.4804804804804805,0.4460749086865462
0.48148148148148145,0.44672670992421004
0.4824824824824825,0.4473786015480552
0.48348348348348347,0.44803058599091505
0.4844844844844845,0.4486826656862365
0.4854854854854855,0.44933484306816496
0.48648648648648646,0.44998712057163204
0.4874874874874875,0.4506395006324432
0.48848848848848847,0.45129198568736295
0.4894894894894895,0.45194457817420386
0.4904904904904905,0.45259728053191184
0.49149149149149146,0.4532500952006545
0.4924924924924925,0.45390302462190746
0.4934934934934935,0.4545560712385417
0.4944944944944945,0.4552092374949108
0.4954954954954955,0.4558625258369383
0.4964964964964965,0.4565159387122052
0.4974974974974975,0.4571694785700364
0.4984984984984985,0.45782314786158995
0.4994994994994995,0.4584769490399432
0.5005005005005005,0.4591308845601815
0.5015015015015015,0.4597849568794852
0.5025025025025025,0.4604391684572188
0.5035035035035035,0.4610935217550183
0.5045045045045045,0.46174801923687947
0.5055055055055055,0.4624026633692473
0.5065065065065065,0.46305745662110287
0.5075075075075075,0.46371240146405424
0.5085085085085085,0.4643675003724237
0.5095095095095095,0.46502275582333796
0.5105105105105106,0.4656781702968176
0.5115115115115115,0.46633374627586566
0.5125125125125125,0.46698948624655867
0.5135135135135135,0.4676453926981363
0.5145145145145145,0.46830146812309115
0.5155155155155156,0.46895771501726013
0.5165165165165165,0.4696141358799145
0.5175175175175175,0.4702707332138518
0.5185185185185185,0.47092750952548623
0.5195195195195195,0.4715844673249411
0.5205205205205206,0.4722416091261402
0.5215215215215215,0.4728989374469005
0.5225225225225225,0.4735564548090243
0.5235235235235235,0.47421416373839254
0.5245245245245245,0.47487206676505733
0.5255255255255256,0.47553016642333634
0.5265265265265265,0.47618846525190617
0.5275275275275275,0.4768469657938965
0.5285285285285285,0.47750567059698557
0.5295295295295295,0.4781645822134938
0.5305305305305306,0.47882370320048073
0.5315315315315315,0.47948303611983967
0.5325325325325325,0.48014258353839445
0.5335335335335335,0.48080234802799615
0.5345345345345345,0.48146233216562007
0.5355355355355356,0.4821225385334629
0.5365365365365365,0.4827829697190412
0.5375375375375375,0.48344362831528975
0.5385385385385385,0.48410451692066037
0.5395395395395395,0.48476563813922124
0.5405405405405406,0.485426994580757
0.5415415415415415,0.48608858886086903
0.5425425425425425,0.48675042360107623
0.5435435435435435,0.4874125014289171
0.5445445445445445,0.488074824978051
0.5455455455455456,0.48873739688836093
0.5465465465465466,0.48940021980605686
0.5475475475475475,0.49006329638377943
0.5485485485485485,0.49072662928070365
0.5495495495495496,0.49139022116264464
0.5505505505505506,0.49205407470216234
0.5515515515515516,0.492718192578668
0.5525525525525525,0.4933825774785311
0.5535535535535535,0.494047232095186
0.5545545545545546,0.49471215912924105
0.5555555555555556,0.4953773612885861
0.5565565565565566,0.4960428412885033
0.5575575575575575,0.49670860185177557
0.5585585585585585,0.49737464570879886
0.5595595595595596,0.498040975597693
0.5605605605605606,0.49870759426441347
0.5615615615615616,0.4993745044628656
0.5625625625625625,0.5000417089550173
0.5635635635635635,0.5007092105110145
0.5645645645645646,0.5013770119092954
0.5655655655655656,0.5020451159367074
0.5665665665665666,0.5027135253886239
0.5675675675675675,0.5033822430690622
0.5685685685685685,0.5040512717908017
0.5695695695695696,0.5047206143755038
0.5705705705705706,0.505390273653832
0.5715715715715716,0.5060602524655735
0.5725725725725725,0.506730553659761
0.5735735735735735,0.5074011800947962
0.5745745745745746,0.5080721346385733
0.5755755755755756,0.5087434201686039
0.5765765765765766,0.5094150395721442
0.5775775775775776,0.5100869957463203
0.5785785785785785,0.5107592915982572
0.5795795795795796,0.511431930045207
0.5805805805805806,0.5121049140146796
0.5815815815815816,0.5127782464445731
0.5825825825825826,0.5134519302833067
0.5835835835835835,0.5141259684899526
0.5845845845845846,0.5148003640343717
0.5855855855855856,0.515475119897348
0.5865865865865866,0.5161502390707255
0.5875875875875876,0.5168257245575463
0.5885885885885885,0.5175015793721883
0.5895895895895896,0.5181778065405069
0.5905905905905906,0.518854409099975
0.5915915915915916,0.519531390099826
0.5925925925925926,0.5202087526011975
0.5935935935935935,0.5208864996772762
0.5945945945945946,0.5215646344134454
0.5955955955955956,0.5222431599074302
0.5965965965965966,0.5229220792694491
0.5975975975975976,0.5236013956223629
0.5985985985985985,0.5242811121018265
0.5995995995995996,0.5249612318564428
0.6006006006006006,0.5256417580479165
0.6016016016016016,0.52632269385121
0.6026026026026026,0.5270040424547018
0.6036036036036035,0.5276858070603442
0.6046046046046046,0.5283679908838254
0.6056056056056056,0.5290505971547294
0.6066066066066066,0.5297336291167013
0.6076076076076076,0.5304170900276121
0.6086086086086087,0.5311009831597245
0.6096096096096096,0.5317853117998628
0.6106106106106106,0.5324700792495818
0.6116116116116116,0.5331552888253388
0.6126126126126126,0.533840943858668
0.6136136136136137,0.534527047696354
0.6146146146146146,0.5352136037006101
0.6156156156156156,0.5359006152492574
0.6166166166166166,0.5365880857359038
0.6176176176176176,0.537276018570128
0.6186186186186187,0.537964417177663
0.6196196196196196,0.538653285000583
0.6206206206206206,0.5393426254974911
0.6216216216216216,0.5400324421437095
0.6226226226226226,0.5407227384314723
0.6236236236236237,0.5414135178701189
0.6246246246246246,0.5421047839862911
0.6256256256256256,0.5427965403241308
0.6266266266266266,0.543488790445481
0.6276276276276276,0.5441815379300886
0.6286286286286287,0.544874786375809
0.6296296296296297,0.5455685393988134
0.6306306306306306,0.5462628006337984
0.6316316316316316,0.5469575737341973
0.6326326326326326,0.5476528623723949
0.6336336336336337,0.5483486702399436
0.6346346346346347,0.5490450010477821
0.6356356356356356,0.549741858526457
0.6366366366366366,0.5504392464263471
0.6376376376376376,0.5511371685178891
0.6386386386386387,0.5518356285918073
0.6396396396396397,0.5525346304593446
0.6406406406406406,0.553234177952497
0.6416416416416416,0.5539342749242513
0.6426426426426426,0.5546349252488239
0.6436436436436437,0.5553361328219039
0.6446446446446447,0.5560379015608983
0.6456456456456456,0.5567402354051806
0.6466466466466466,0.557443138316342
0.6476476476476476,0.5581466142784451
0.6486486486486487,0.5588506672982823
0.6496496496496497,0.5595553014056348
0.6506506506506506,0.5602605206535369
0.6516516516516516,0.5609663291185432
0.6526526526526526,0.5616727309009969
0.6536536536536537,0.5623797301253046
0.6546546546546547,0.5630873309402122
0.6556556556556556,0.563795537519085
0.6566566566566566,0.5645043540601905
0.6576576576576576,0.5652137847869867
0.6586586586586587,0.5659238339484112
0.6596596596596597,0.5666345058191762
0.6606606606606606,0.5673458047000659
0.6616616616616616,0.568057734918239
0.6626626626626626,0.5687703008275324
0.6636636636636637,0.5694835068087727
0.6646646646646647,0.5701973572700874
0.6656656656656657,0.5709118566472231
0.6666666666666666,0.5716270094038678
0.6676676676676676,0.5723428200319745
0.6686686686686687,0.5730592930520926
0.6696696696696697,0.5737764330137007
0.6706706706706707,0.5744942444955461
0.6716716716716716,0.5752127321059866
0.6726726726726726,0.575931900483339
0.6736736736736737,0.5766517542962303
0.6746746746746747,0.5773722982439542
0.6756756756756757,0.5780935370568334
0.6766766766766766,0.5788154754965853
0.6776776776776777,0.579538118356693
0.6786786786786787,0.5802614704627818
0.6796796796796797,0.5809855366730008
0.6806806806806807,0.5817103218784088
0.6816816816816816,0.5824358310033662
0.6826826826826827,0.5831620690059331
0.6836836836836837,0.5838890408782702
0.6846846846846847,0.5846167516470485
0.6856856856856857,0.5853452063738624
0.6866866866866866,0.5860744101556501
0.6876876876876877,0.5868043681251178
0.6886886886886887,0.5875350854511723
0.6896896896896897,0.5882665673393582
0.6906906906906907,0.588998819032302
0.6916916916916916,0.5897318458101612
0.6926926926926927,0.5904656529910821
0.6936936936936937,0.5912002459316619
0.6946946946946947,0.5919356300274179
0.6956956956956957,0.592671810713266
0.6966966966966966,0.593408793464002
0.6976976976976977,0.5941465837947926
0.6986986986986987,0.5948851872616736
0.6996996996996997,0.5956246094620539
0.7007007007007007,0.5963648560352279
0.7017017017017017,0.5971059326628961
0.7027027027027027,0.5978478450696918
0.7037037037037037,0.5985905990237164
0.7047047047047047,0.5993342003370834
0.7057057057057057,0.60007865486647
0.7067067067067067,0.6008239685136765
0.7077077077077077,0.6015701472261943
0.7087087087087087,0.6023171969977834
0.7097097097097097,0.6030651238690588
0.7107107107107107,0.6038139339280835
0.7117117117117117,0.6045636333109731
0.7127127127127127,0.6053142282025097
0.7137137137137137,0.6060657248367631
0.7147147147147147,0.6068181294977242
0.7157157157157157,0.6075714485199462
0.7167167167167167,0.6083256882891976
0.7177177177177178,0.6090808552431245
0.7187187187187187,0.6098369558719221
0.7197197197197197,0.6105939967190206
0.7207207207207207,0.6113519843817773
0.7217217217217217,0.6121109255121839
0.7227227227227228,0.6128708268175821
0.7237237237237237,0.613631695061392
0.7247247247247247,0.6143935370638529
0.7257257257257257,0.6151563597027746
0.7267267267267267,0.615920169914302
0.7277277277277278,0.6166849746936922
0.7287287287287287,0.6174507810961032
0.7297297297297297,0.6182175962373974
0.7307307307307307,0.6189854272949569
0.7317317317317317,0.6197542815085126
0.7327327327327328,0.6205241661809885
0.7337337337337337,0.6212950886793573
0.7347347347347347,0.6220670564355137
0.7357357357357357,0.6228400769471598
0.7367367367367368,0.6236141577787071
0.7377377377377378,0.6243893065621926
0.7387387387387387,0.625165530998212
0.7397397397397397,0.6259428388568677
0.7407407407407407,0.626721237978733
0.7417417417417418,0.627500736275835
0.7427427427427428,0.6282813417326509
0.7437437437437437,0.6290630624071258
0.7447447447447447,0.6298459064317052
0.7457457457457457,0.6306298820143869
0.7467467467467468,0.6314149974397915
0.7477477477477478,0.6322012610702517
0.7487487487487487,0.632988681346921
0.7497497497497497,0.6337772667909018
0.7507507507507507,0.6345670260043946
0.7517517517517518,0.635357967671867
0.7527527527527528,0.6361501005612441
0.7537537537537538,0.6369434335251216
0.7547547547547547,0.6377379755019991
0.7557557557557557,0.6385337355175371
0.7567567567567568,0.6393307226858379
0.7577577577577578,0.6401289462107482
0.7587587587587588,0.6409284153871876
0.7597597597597597,0.6417291396025009
0.7607607607607607,0.642531128337836
0.7617617617617618,0.6433343911695484
0.7627627627627628,0.6441389377706304
0.7637637637637638,0.6449447779121693
0.7647647647647647,0.6457519214648322
0.7657657657657657,0.6465603784003804
0.7667667667667668,0.647370158793211
0.7677677677677678,0.6481812728219292
0.7687687687687688,0.6489937307709528
0.7697697697697697,0.6498075430321442
0.7707707707707707,0.6506227201064787
0.7717717717717718,0.6514392726057412
0.7727727727727728,0.6522572112542594
0.7737737737737738,0.6530765468906705
0.7747747747747747,0.6538972904697231
0.7757757757757757,0.654719453064114
0.7767767767767768,0.6555430458663649
0.7777777777777778,0.6563680801907321
0.7787787787787788,0.6571945674751607
0.7797797797797797,0.6580225192832735
0.7807807807807807,0.6588519473064044
0.7817817817817818,0.659682863365671
0.7827827827827828,0.6605152794140907
0.7837837837837838,0.6613492075387424
0.7847847847847848,0.6621846599629699
0.7857857857857857,0.6630216490486354
0.7867867867867868,0.6638601872984169
0.7877877877877878,0.6647002873581564
0.7887887887887888,0.665541962019257
0.7897897897897898,0.6663852242211317
0.7907907907907907,0.6672300870537041
0.7917917917917918,0.6680765637599639
0.7927927927927928,0.6689246677385767
0.7937937937937938,0.6697744125465516
0.7947947947947948,0.6706258119019659
0.7957957957957957,0.6714788796867515
0.7967967967967968,0.6723336299495412
0.7977977977977978,0.6731900769085785
0.7987987987987988,0.6740482349546933
0.7997997997997998,0.6749081186543435
0.8008008008008007,0.6757697427527247
0.8018018018018018,0.6766331221769517
0.8028028028028028,0.6774982720393108
0.8038038038038038,0.6783652076405882
0.8048048048048048,0.6792339444734735
0.8058058058058059,0.6801044982260429
0.8068068068068068,0.6809768847853225
0.8078078078078078,0.6818511202409359
0.8088088088088088,0.682727220888836
0.8098098098098098,0.6836052032351267
0.8108108108108109,0.6844850839999737
0.8118118118118118,0.6853668801216091
0.8128128128128128,0.6862506087604328
0.8138138138138138,0.6871362873032116
0.8148148148148148,0.6880239333673815
0.8158158158158159,0.6889135648054532
0.8168168168168168,0.6898051997095266
0.8178178178178178,0.6906988564159173
0.8188188188188188,0.6915945535098957
0.8198198198198198,0.6924923098305469
0.8208208208208209,0.6933921444757487
0.8218218218218218,0.6942940768072796
0.8228228228228228,0.6951981264560521
0.8238238238238238,0.696104313327482
0.8248248248248248,0.6970126576069948
0.8258258258258259,0.6979231797656725
0.8268268268268268,0.6988359005660487
0.8278278278278278,0.6997508410680546
0.8288288288288288,0.70066802263512
0.8298298298298298,0.7015874669404357
0.8308308308308309,0.7025091959733827
0.8318318318318318,0.7034332320461314
0.8328328328328328,0.7043595978004207
0.8338338338338338,0.705288316214518
0.8348348348348348,0.706219410610369
0.8358358358358359,0.7071529046609428
0.8368368368368369,0.7080888223977803
0.8378378378378378,0.7090271882187504
0.8388388388388388,0.7099680268960222
0.8398398398398398,0.7109113635842617
0.8408408408408409,0.7118572238290581
0.8418418418418419,0.7128056335755911
0.8428428428428428,0.7137566191775441
0.8438438438438438,0.7147102074062743
0.8448448448448448,0.7156664254602496
0.8458458458458459,0.7166253009747564
0.8468468468468469,0.7175868620318959
0.8478478478478478,0.7185511371708735
0.8488488488488488,0.7195181553985937
0.8498498498498498,0.7204879462005714
0.8508508508508509,0.7214605395521734
0.8518518518518519,0.7224359659301971
0.8528528528528528,0.7234142563248055
0.8538538538538538,0.7243954422518276
0.8548548548548548,0.7253795557654382
0.8558558558558559,0.7263666294712336
0.8568568568568569,0.7273566965397156
0.8578578578578578,0.7283497907202041
0.8588588588588588,0.7293459463551883
0.8598598598598598,0.7303451983951407
0.8608608608608609,0.7313475824138058
0.8618618618618619,0.7323531346239869
0.8628628628628628,0.7333618918938506
0.8638638638638638,0.7343738917637646
0.8648648648648649,0.7353891724636996
0.8658658658658659,0.7364077729312077
0.8668668668668669,0.7374297328300112
0.8678678678678678,0.7384550925692198
0.8688688688688688,0.7394838933232049
0.8698698698698699,0.7405161770521601
0.8708708708708709,0.7415519865233751
0.8718718718718719,0.7425913653332545
0.8728728728728729,0.7436343579301123
0.8738738738738738,0.7446810096377776
0.8748748748748749,0.7457313666800461
0.8758758758758759,0.7467854762060144
0.8768768768768769,0.7478433863163371
0.8778778778778779,0.7489051460904473
0.8788788788788788,0.7499708056147851
0.8798798798798799,0.7510404160120797
0.8808808808808809,0.7521140294717308
0.8818818818818819,0.7531916992813468
0.8828828828828829,0.7542734798594869
0.8838838838838838,0.755359426789668
0.8848848848848849,0.7564495968556948
0.8858858858858859,0.7575440480783766
0.8868868868868869,0.7586428397537014
0.8878878878878879,0.7597460324925307
0.8888888888888888,0.7608536882618997
0.8898898898898899,0.7619658704279944
0.8908908908908909,0.7630826438008937
0.8918918918918919,0.7642040746811664
0.8928928928928929,0.7653302309084153
0.8938938938938938,0.7664611819118708
0.8948948948948949,0.7675969987631399
0.8958958958958959,0.7687377542312237
0.8968968968968969,0.7698835228399247
0.8978978978978979,0.7710343809277711
0.8988988988988988,0.772190406710594
0.8998998998998999,0.7733516803469037
0.9009009009009009,0.7745182840062171
0.9019019019019019,0.7756903019405057
0.9029029029029029,0.7768678205589328
0.9039039039039038,0.7780509285060736
0.9049049049049049,0.7792397167438145
0.9059059059059059,0.7804342786371458
0.9069069069069069,0.7816347100440795
0.9079079079079079,0.7828411094099319
0.9089089089089089,0.7840535778662379
0.9099099099099099,0.7852722193345735
0.9109109109109109,0.7864971406355917
0.9119119119119119,0.7877284516035914
0.9129129129129129,0.7889662652069689
0.9139139139139139,0.7902106976749244
0.914914914914915,0.7914618686308245
0.9159159159159159,0.792719901232654
0.9169169169169169,0.7939849223210219
0.9179179179179179,0.7952570625752259
0.9189189189189189,0.7965364566779138
0.91991991991992,0.7978232434889343
0.9209209209209209,0.799117566229004
0.9219219219219219,0.8004195726738841
0.9229229229229229,0.8017294153598045
0.9239239239239239,0.8030472518009445
0.924924924924925,0.8043732447198488
0.9259259259259259,0.8057075622917255
0.9269269269269269,0.8070503784036669
0.9279279279279279,0.8084018729299196
0.9289289289289289,0.8097622320244378
0.92992992992993,0.8111316484320591
0.9309309309309309,0.8125103218197778
0.9319319319319319,0.8138984591297227
0.9329329329329329,0.8152962749556013
0.933933933933934,0.8167039919445466
0.934934934934935,0.8181218412264915
0.9359359359359359,0.819550062873415
0.9369369369369369,0.8209889063910338
0.9379379379379379,0.822438631245787
0.938938938938939,0.8238995074302607
0.93993993993994,0.8253718160705344
0.9409409409409409,0.8268558500793114
0.9419419419419419,0.8283519148591195
0.9429429429429429,0.8298603290603596
0.943943943943944,0.8313814253995131
0.944944944944945,0.8329155515434579
0.9459459459459459,0.8344630710665281
0.9469469469469469,0.8360243644877748
0.9479479479479479,0.8375998303967892
0.948948948948949,0.8391898866775123
0.94994994994995,0.8407949718406563
0.950950950950951,0.8424155464767505
0.9519519519519519,0.844052094843438
0.9529529529529529,0.8457051266024881
0.953953953953954,0.8473751787241606
0.954954954954955,0.8490628175790472
0.955955955955956,0.8507686412404588
0.9569569569569569,0.8524932820238369
0.9579579579579579,0.8542374092937144
0.958958958958959,0.8560017325735002
0.95995995995996,0.857787004998984
0.960960960960961,0.859594027163171
0.9619619619619619,0.8614236514080256
0.9629629629629629,0.8632767866282988
0.963963963963964,0.8651544036641428
0.964964964964965,0.8670575413731749
0.965965965965966,0.8689873134896352
0.9669669669669669,0.8709449163990166
0.9679679679679679,0.8729316379820767
0.968968968968969,0.8749488677136523
0.96996996996997,0.8769981082409651
0.970970970970971,0.8790809887152323
0.9719719719719719,0.8811992802123868
0.9729729729729729,0.8833549136574701
0.973973973973974,0.8855500007681217
0.974974974974975,0.8877868586628993
0.975975975975976,0.8900680389499876
0.9769769769769769,0.8923963623354457
0.9779779779779779,0.8947749600875395
0.978978978978979,0.8972073240939116
0.97997997997998,0.8996973677934712
0.980980980980981,0.9022495010175773
0.9819819819819819,0.9048687228296115
0.9829829829829829,0.9075607379534717
0.983983983983984,0.9103321045573909
0.984984984984985,0.9131904243752421
0.985985985985986,0.9161445910050201
0.986986986986987,0.9192051197434465
0.9879879879879879,0.9223845942813178
0.988988988988989,0.9256982852339619
0.98998998998999,0.9291650289377418
0.990990990990991,0.9328085143538858
0.991991991991992,0.9366592367761807
0.992992992992993,0.9407575965336159
0.993993993993994,0.9451590881900678
0.994994994994995,0.9499436155673157
0.995995995995996,0.9552338294009592
0.996996996996997,0.9612362224410836
0.997997997997998,0.9683534756310527
0.998998998998999,0.9776253309833842
1.0,1.0
